0 0 100
0 1 100
0 2 100
0 3 100
0 4 100
0 5 100
0 6 100
0 7 100
0 8 100
0 9 100
0 10 100
0 11 100
0 12 100
0 13 100
0 14 100
0 15 100
0 16 100
0 17 100
0 18 100
0 19 100
0 20 100
0 21 100
0 22 100
0 23 100
0 24 100
0 25 100
0 26 100
0 27 100
0 28 100
0 29 100
0 30 100
0 31 100
0 32 100
0 33 100
0 34 100
0 35 100
0 36 100
0 37 100
0 38 100
0 39 100
0 40 100
0 41 100
0 42 100
0 43 100
0 44 100
0 45 100
0 46 100
0 47 100
0 48 100
0 49 100
0 50 100
0 51 100
0 52 100
0 53 100
0 54 100
0 55 100
0 56 100
0 57 100
0 58 100
0 59 100
0 60 100
0 61 100
0 62 100
0 63 100
0 64 100
0 65 100
0 66 100
0 67 100
0 68 100
0 69 100
0 70 100
0 71 100
0 72 100
0 73 100
0 74 100
0 75 100
0 76 100
0 77 100
0 78 100
0 79 100
0 80 100
0 81 100
0 82 100
0 83 100
0 84 100
0 85 100
0 86 100
0 87 100
0 88 100
0 89 100
0 90 100
0 91 100
0 92 100
0 93 100
0 94 100
0 95 100
0 96 100
0 97 100
0 98 100
0 99 100
1 0 100
1 1 99.899
1 2 99.7982
1 3 99.6979
1 4 99.5982
1 5 99.4993
1 6 99.4015
1 7 99.3049
1 8 99.2097
1 9 99.1161
1 10 99.0243
1 11 98.9345
1 12 98.8467
1 13 98.7611
1 14 98.6778
1 15 98.597
1 16 98.5187
1 17 98.4431
1 18 98.3701
1 19 98.2999
1 20 98.2325
1 21 98.1679
1 22 98.1061
1 23 98.0472
1 24 97.9912
1 25 97.9379
1 26 97.8875
1 27 97.8399
1 28 97.795
1 29 97.7527
1 30 97.7131
1 31 97.6761
1 32 97.6416
1 33 97.6095
1 34 97.5798
1 35 97.5523
1 36 97.5271
1 37 97.5041
1 38 97.4831
1 39 97.4642
1 40 97.4472
1 41 97.4321
1 42 97.4188
1 43 97.4074
1 44 97.3976
1 45 97.3895
1 46 97.3831
1 47 97.3783
1 48 97.3752
1 49 97.3736
1 50 97.3736
1 51 97.3752
1 52 97.3783
1 53 97.3831
1 54 97.3895
1 55 97.3976
1 56 97.4074
1 57 97.4188
1 58 97.4321
1 59 97.4472
1 60 97.4642
1 61 97.4831
1 62 97.5041
1 63 97.5271
1 64 97.5523
1 65 97.5798
1 66 97.6095
1 67 97.6416
1 68 97.6761
1 69 97.7131
1 70 97.7527
1 71 97.795
1 72 97.8399
1 73 97.8875
1 74 97.9379
1 75 97.9912
1 76 98.0472
1 77 98.1061
1 78 98.1679
1 79 98.2325
1 80 98.2999
1 81 98.3701
1 82 98.4431
1 83 98.5187
1 84 98.597
1 85 98.6778
1 86 98.7611
1 87 98.8467
1 88 98.9345
1 89 99.0243
1 90 99.1161
1 91 99.2097
1 92 99.3049
1 93 99.4015
1 94 99.4993
1 95 99.5982
1 96 99.6979
1 97 99.7982
1 98 99.899
1 99 100
2 0 100
2 1 99.7982
2 2 99.5969
2 3 99.3964
2 4 99.1972
2 5 98.9996
2 6 98.8042
2 7 98.6112
2 8 98.421
2 9 98.2341
2 10 98.0507
2 11 97.8712
2 12 97.6958
2 13 97.5248
2 14 97.3584
2 15 97.197
2 16 97.0406
2 17 96.8895
2 18 96.7437
2 19 96.6034
2 20 96.4687
2 21 96.3397
2 22 96.2163
2 23 96.0986
2 24 95.9866
2 25 95.8803
2 26 95.7795
2 27 95.6843
2 28 95.5946
2 29 95.5102
2 30 95.4311
2 31 95.3571
2 32 95.2881
2 33 95.224
2 34 95.1646
2 35 95.1099
2 36 95.0595
2 37 95.0135
2 38 94.9716
2 39 94.9338
2 40 94.8998
2 41 94.8697
2 42 94.8432
2 43 94.8202
2 44 94.8007
2 45 94.7846
2 46 94.7718
2 47 94.7622
2 48 94.7559
2 49 94.7527
2 50 94.7527
2 51 94.7559
2 52 94.7622
2 53 94.7718
2 54 94.7846
2 55 94.8007
2 56 94.8202
2 57 94.8432
2 58 94.8697
2 59 94.8998
2 60 94.9338
2 61 94.9716
2 62 95.0135
2 63 95.0595
2 64 95.1099
2 65 95.1646
2 66 95.224
2 67 95.2881
2 68 95.3571
2 69 95.4311
2 70 95.5102
2 71 95.5946
2 72 95.6843
2 73 95.7795
2 74 95.8803
2 75 95.9866
2 76 96.0986
2 77 96.2163
2 78 96.3397
2 79 96.4687
2 80 96.6034
2 81 96.7437
2 82 96.8895
2 83 97.0406
2 84 97.197
2 85 97.3584
2 86 97.5248
2 87 97.6958
2 88 97.8712
2 89 98.0507
2 90 98.2341
2 91 98.421
2 92 98.6112
2 93 98.8042
2 94 98.9996
2 95 99.1972
2 96 99.3964
2 97 99.5969
2 98 99.7982
2 99 100
3 0 100
3 1 99.6979
3 2 99.3964
3 3 99.0962
3 4 98.7979
3 5 98.5021
3 6 98.2094
3 7 97.9205
3 8 97.6357
3 9 97.3558
3 10 97.0812
3 11 96.8124
3 12 96.5497
3 13 96.2937
3 14 96.0446
3 15 95.8029
3 16 95.5687
3 17 95.3424
3 18 95.1242
3 19 94.9141
3 20 94.7124
3 21 94.5192
3 22 94.3344
3 23 94.1582
3 24 93.9905
3 25 93.8313
3 26 93.6804
3 27 93.5379
3 28 93.4035
3 29 93.2772
3 30 93.1587
3 31 93.0479
3 32 92.9447
3 33 92.8487
3 34 92.7598
3 35 92.6777
3 36 92.6023
3 37 92.5334
3 38 92.4707
3 39 92.4141
3 40 92.3632
3 41 92.3181
3 42 92.2784
3 43 92.244
3 44 92.2148
3 45 92.1907
3 46 92.1715
3 47 92.1572
3 48 92.1477
3 49 92.143
3 50 92.143
3 51 92.1477
3 52 92.1572
3 53 92.1715
3 54 92.1907
3 55 92.2148
3 56 92.244
3 57 92.2784
3 58 92.3181
3 59 92.3632
3 60 92.4141
3 61 92.4707
3 62 92.5334
3 63 92.6023
3 64 92.6777
3 65 92.7598
3 66 92.8487
3 67 92.9447
3 68 93.0479
3 69 93.1587
3 70 93.2772
3 71 93.4035
3 72 93.5379
3 73 93.6804
3 74 93.8313
3 75 93.9905
3 76 94.1582
3 77 94.3344
3 78 94.5192
3 79 94.7124
3 80 94.9141
3 81 95.1242
3 82 95.3424
3 83 95.5687
3 84 95.8029
3 85 96.0446
3 86 96.2937
3 87 96.5497
3 88 96.8124
3 89 97.0812
3 90 97.3558
3 91 97.6357
3 92 97.9205
3 93 98.2094
3 94 98.5021
3 95 98.7979
3 96 99.0962
3 97 99.3964
3 98 99.6979
3 99 100
4 0 100
4 1 99.5982
4 2 99.1972
4 3 98.7979
4 4 98.4011
4 5 98.0077
4 6 97.6184
4 7 97.2341
4 8 96.8554
4 9 96.4831
4 10 96.1179
4 11 95.7603
4 12 95.411
4 13 95.0704
4 14 94.7392
4 15 94.4176
4 16 94.1062
4 17 93.8052
4 18 93.5149
4 19 93.2355
4 20 92.9673
4 21 92.7102
4 22 92.4645
4 23 92.2301
4 24 92.0071
4 25 91.7953
4 26 91.5947
4 27 91.4051
4 28 91.2264
4 29 91.0583
4 30 90.9008
4 31 90.7534
4 32 90.616
4 33 90.4884
4 34 90.3701
4 35 90.261
4 36 90.1608
4 37 90.0691
4 38 89.9857
4 39 89.9103
4 40 89.8427
4 41 89.7826
4 42 89.7298
4 43 89.6841
4 44 89.6453
4 45 89.6132
4 46 89.5877
4 47 89.5687
4 48 89.5561
4 49 89.5498
4 50 89.5498
4 51 89.5561
4 52 89.5687
4 53 89.5877
4 54 89.6132
4 55 89.6453
4 56 89.6841
4 57 89.7298
4 58 89.7826
4 59 89.8427
4 60 89.9103
4 61 89.9857
4 62 90.0691
4 63 90.1608
4 64 90.261
4 65 90.3701
4 66 90.4884
4 67 90.616
4 68 90.7534
4 69 90.9008
4 70 91.0583
4 71 91.2264
4 72 91.4051
4 73 91.5947
4 74 91.7953
4 75 92.0071
4 76 92.2301
4 77 92.4645
4 78 92.7102
4 79 92.9673
4 80 93.2355
4 81 93.5149
4 82 93.8052
4 83 94.1062
4 84 94.4176
4 85 94.7392
4 86 95.0704
4 87 95.411
4 88 95.7603
4 89 96.1179
4 90 96.4831
4 91 96.8554
4 92 97.2341
4 93 97.6184
4 94 98.0077
4 95 98.4011
4 96 98.7979
4 97 99.1972
4 98 99.5982
4 99 100
5 0 100
5 1 99.4993
5 2 98.9996
5 3 98.5021
5 4 98.0077
5 5 97.5175
5 6 97.0325
5 7 96.5535
5 8 96.0817
5 9 95.6178
5 10 95.1627
5 11 94.7171
5 12 94.2818
5 13 93.8575
5 14 93.4447
5 15 93.0441
5 16 92.656
5 17 92.2809
5 18 91.9192
5 19 91.5711
5 20 91.2368
5 21 90.9166
5 22 90.6104
5 23 90.3184
5 24 90.0404
5 25 89.7765
5 26 89.5265
5 27 89.2903
5 28 89.0676
5 29 88.8582
5 30 88.6619
5 31 88.4783
5 32 88.3071
5 33 88.148
5 34 88.0007
5 35 87.8647
5 36 87.7398
5 37 87.6255
5 38 87.5216
5 39 87.4277
5 40 87.3435
5 41 87.2686
5 42 87.2028
5 43 87.1459
5 44 87.0975
5 45 87.0575
5 46 87.0258
5 47 87.0021
5 48 86.9863
5 49 86.9785
5 50 86.9785
5 51 86.9863
5 52 87.0021
5 53 87.0258
5 54 87.0575
5 55 87.0975
5 56 87.1459
5 57 87.2028
5 58 87.2686
5 59 87.3435
5 60 87.4277
5 61 87.5216
5 62 87.6255
5 63 87.7398
5 64 87.8647
5 65 88.0007
5 66 88.148
5 67 88.3071
5 68 88.4783
5 69 88.6619
5 70 88.8582
5 71 89.0676
5 72 89.2903
5 73 89.5265
5 74 89.7765
5 75 90.0404
5 76 90.3184
5 77 90.6104
5 78 90.9166
5 79 91.2368
5 80 91.5711
5 81 91.9192
5 82 92.2809
5 83 92.656
5 84 93.0441
5 85 93.4447
5 86 93.8575
5 87 94.2818
5 88 94.7171
5 89 95.1627
5 90 95.6178
5 91 96.0817
5 92 96.5535
5 93 97.0325
5 94 97.5175
5 95 98.0077
5 96 98.5021
5 97 98.9996
5 98 99.4993
5 99 100
6 0 100
6 1 99.4015
6 2 98.8042
6 3 98.2094
6 4 97.6184
6 5 97.0325
6 6 96.4526
6 7 95.8802
6 8 95.3161
6 9 94.7616
6 10 94.2175
6 11 93.6849
6 12 93.1646
6 13 92.6574
6 14 92.164
6 15 91.685
6 16 91.2211
6 17 90.7728
6 18 90.3404
6 19 89.9242
6 20 89.5247
6 21 89.1418
6 22 88.7758
6 23 88.4267
6 24 88.0945
6 25 87.779
6 26 87.4802
6 27 87.1978
6 28 86.9316
6 29 86.6813
6 30 86.4466
6 31 86.2271
6 32 86.0225
6 33 85.8323
6 34 85.6562
6 35 85.4937
6 36 85.3444
6 37 85.2078
6 38 85.0836
6 39 84.9713
6 40 84.8706
6 41 84.7811
6 42 84.7025
6 43 84.6344
6 44 84.5766
6 45 84.5288
6 46 84.4908
6 47 84.4625
6 48 84.4437
6 49 84.4343
6 50 84.4343
6 51 84.4437
6 52 84.4625
6 53 84.4908
6 54 84.5288
6 55 84.5766
6 56 84.6344
6 57 84.7025
6 58 84.7811
6 59 84.8706
6 60 84.9713
6 61 85.0836
6 62 85.2078
6 63 85.3444
6 64 85.4937
6 65 85.6562
6 66 85.8323
6 67 86.0225
6 68 86.2271
6 69 86.4466
6 70 86.6813
6 71 86.9316
6 72 87.1978
6 73 87.4802
6 74 87.779
6 75 88.0945
6 76 88.4267
6 77 88.7758
6 78 89.1418
6 79 89.5247
6 80 89.9242
6 81 90.3404
6 82 90.7728
6 83 91.2211
6 84 91.685
6 85 92.164
6 86 92.6574
6 87 93.1646
6 88 93.6849
6 89 94.2175
6 90 94.7616
6 91 95.3161
6 92 95.8802
6 93 96.4526
6 94 97.0325
6 95 97.6184
6 96 98.2094
6 97 98.8042
6 98 99.4015
6 99 100
7 0 100
7 1 99.3049
7 2 98.6112
7 3 97.9205
7 4 97.2341
7 5 96.5535
7 6 95.8802
7 7 95.2153
7 8 94.5602
7 9 93.9162
7 10 93.2844
7 11 92.6658
7 12 92.0615
7 13 91.4724
7 14 90.8994
7 15 90.3431
7 16 89.8044
7 17 89.2837
7 18 88.7815
7 19 88.2982
7 20 87.8342
7 21 87.3895
7 22 86.9645
7 23 86.559
7 24 86.1732
7 25 85.8068
7 26 85.4597
7 27 85.1318
7 28 84.8226
7 29 84.5319
7 30 84.2594
7 31 84.0045
7 32 83.7668
7 33 83.546
7 34 83.3414
7 35 83.1526
7 36 82.9792
7 37 82.8206
7 38 82.6764
7 39 82.546
7 40 82.4291
7 41 82.3251
7 42 82.2338
7 43 82.1547
7 44 82.0876
7 45 82.0321
7 46 81.988
7 47 81.955
7 48 81.9332
7 49 81.9223
7 50 81.9223
7 51 81.9332
7 52 81.955
7 53 81.988
7 54 82.0321
7 55 82.0876
7 56 82.1547
7 57 82.2338
7 58 82.3251
7 59 82.4291
7 60 82.546
7 61 82.6764
7 62 82.8206
7 63 82.9792
7 64 83.1526
7 65 83.3414
7 66 83.546
7 67 83.7668
7 68 84.0045
7 69 84.2594
7 70 84.5319
7 71 84.8226
7 72 85.1318
7 73 85.4597
7 74 85.8068
7 75 86.1732
7 76 86.559
7 77 86.9645
7 78 87.3895
7 79 87.8342
7 80 88.2982
7 81 88.7815
7 82 89.2837
7 83 89.8044
7 84 90.3431
7 85 90.8994
7 86 91.4724
7 87 92.0615
7 88 92.6658
7 89 93.2844
7 90 93.9162
7 91 94.5602
7 92 95.2153
7 93 95.8802
7 94 96.5535
7 95 97.2341
7 96 97.9205
7 97 98.6112
7 98 99.3049
7 99 100
8 0 100
8 1 99.2097
8 2 98.421
8 3 97.6357
8 4 96.8554
8 5 96.0817
8 6 95.3161
8 7 94.5602
8 8 93.8155
8 9 93.0833
8 10 92.3649
8 11 91.6617
8 12 90.9746
8 13 90.3049
8 14 89.6534
8 15 89.021
8 16 88.4085
8 17 87.8165
8 18 87.2456
8 19 86.6961
8 20 86.1686
8 21 85.6631
8 22 85.1798
8 23 84.7189
8 24 84.2802
8 25 83.8636
8 26 83.4691
8 27 83.0962
8 28 82.7447
8 29 82.4143
8 30 82.1044
8 31 81.8146
8 32 81.5444
8 33 81.2933
8 34 81.0607
8 35 80.8461
8 36 80.6489
8 37 80.4686
8 38 80.3046
8 39 80.1564
8 40 80.0235
8 41 79.9053
8 42 79.8015
8 43 79.7116
8 44 79.6352
8 45 79.5721
8 46 79.522
8 47 79.4846
8 48 79.4597
8 49 79.4473
8 50 79.4473
8 51 79.4597
8 52 79.4846
8 53 79.522
8 54 79.5721
8 55 79.6352
8 56 79.7116
8 57 79.8015
8 58 79.9053
8 59 80.0235
8 60 80.1564
8 61 80.3046
8 62 80.4686
8 63 80.6489
8 64 80.8461
8 65 81.0607
8 66 81.2933
8 67 81.5444
8 68 81.8146
8 69 82.1044
8 70 82.4143
8 71 82.7447
8 72 83.0962
8 73 83.4691
8 74 83.8636
8 75 84.2802
8 76 84.7189
8 77 85.1798
8 78 85.6631
8 79 86.1686
8 80 86.6961
8 81 87.2456
8 82 87.8165
8 83 88.4085
8 84 89.021
8 85 89.6534
8 86 90.3049
8 87 90.9746
8 88 91.6617
8 89 92.3649
8 90 93.0833
8 91 93.8155
8 92 94.5602
8 93 95.3161
8 94 96.0817
8 95 96.8554
8 96 97.6357
8 97 98.421
8 98 99.2097
8 99 100
9 0 100
9 1 99.1161
9 2 98.2341
9 3 97.3558
9 4 96.4831
9 5 95.6178
9 6 94.7616
9 7 93.9162
9 8 93.0833
9 9 92.2644
9 10 91.461
9 11 90.6745
9 12 89.9061
9 13 89.1571
9 14 88.4284
9 15 87.7212
9 16 87.0362
9 17 86.3741
9 18 85.7355
9 19 85.121
9 20 84.531
9 21 83.9657
9 22 83.4252
9 23 82.9097
9 24 82.419
9 25 81.9532
9 26 81.5119
9 27 81.0949
9 28 80.7018
9 29 80.3322
9 30 79.9856
9 31 79.6615
9 32 79.3593
9 33 79.0785
9 34 78.8184
9 35 78.5784
9 36 78.3579
9 37 78.1562
9 38 77.9728
9 39 77.8071
9 40 77.6584
9 41 77.5262
9 42 77.4101
9 43 77.3095
9 44 77.2242
9 45 77.1536
9 46 77.0975
9 47 77.0556
9 48 77.0279
9 49 77.014
9 50 77.014
9 51 77.0279
9 52 77.0556
9 53 77.0975
9 54 77.1536
9 55 77.2242
9 56 77.3095
9 57 77.4101
9 58 77.5262
9 59 77.6584
9 60 77.8071
9 61 77.9728
9 62 78.1562
9 63 78.3579
9 64 78.5784
9 65 78.8184
9 66 79.0785
9 67 79.3593
9 68 79.6615
9 69 79.9856
9 70 80.3322
9 71 80.7018
9 72 81.0949
9 73 81.5119
9 74 81.9532
9 75 82.419
9 76 82.9097
9 77 83.4252
9 78 83.9657
9 79 84.531
9 80 85.121
9 81 85.7355
9 82 86.3741
9 83 87.0362
9 84 87.7212
9 85 88.4284
9 86 89.1571
9 87 89.9061
9 88 90.6745
9 89 91.461
9 90 92.2644
9 91 93.0833
9 92 93.9162
9 93 94.7616
9 94 95.6178
9 95 96.4831
9 96 97.3558
9 97 98.2341
9 98 99.1161
9 99 100
10 0 100
10 1 99.0243
10 2 98.0507
10 3 97.0812
10 4 96.1179
10 5 95.1627
10 6 94.2175
10 7 93.2844
10 8 92.3649
10 9 91.461
10 10 90.5742
10 11 89.7059
10 12 88.8578
10 13 88.0309
10 14 87.2266
10 15 86.4459
10 16 85.6898
10 17 84.9589
10 18 84.254
10 19 83.5757
10 20 82.9244
10 21 82.3004
10 22 81.7038
10 23 81.1347
10 24 80.5931
10 25 80.0789
10 26 79.5918
10 27 79.1315
10 28 78.6975
10 29 78.2895
10 30 77.907
10 31 77.5492
10 32 77.2156
10 33 76.9056
10 34 76.6185
10 35 76.3536
10 36 76.1102
10 37 75.8876
10 38 75.6851
10 39 75.5021
10 40 75.338
10 41 75.1921
10 42 75.0639
10 43 74.953
10 44 74.8587
10 45 74.7808
10 46 74.7189
10 47 74.6727
10 48 74.642
10 49 74.6267
10 50 74.6267
10 51 74.642
10 52 74.6727
10 53 74.7189
10 54 74.7808
10 55 74.8587
10 56 74.953
10 57 75.0639
10 58 75.1921
10 59 75.338
10 60 75.5021
10 61 75.6851
10 62 75.8876
10 63 76.1102
10 64 76.3536
10 65 76.6185
10 66 76.9056
10 67 77.2156
10 68 77.5492
10 69 77.907
10 70 78.2895
10 71 78.6975
10 72 79.1315
10 73 79.5918
10 74 80.0789
10 75 80.5931
10 76 81.1347
10 77 81.7038
10 78 82.3004
10 79 82.9244
10 80 83.5757
10 81 84.254
10 82 84.9589
10 83 85.6898
10 84 86.4459
10 85 87.2266
10 86 88.0309
10 87 88.8578
10 88 89.7059
10 89 90.5742
10 90 91.461
10 91 92.3649
10 92 93.2844
10 93 94.2175
10 94 95.1627
10 95 96.1179
10 96 97.0812
10 97 98.0507
10 98 99.0243
10 99 100
11 0 100
11 1 98.9345
11 2 97.8712
11 3 96.8124
11 4 95.7603
11 5 94.7171
11 6 93.6849
11 7 92.6658
11 8 91.6617
11 9 90.6745
11 10 89.7059
11 11 88.7577
11 12 87.8315
11 13 86.9285
11 14 86.0501
11 15 85.1975
11 16 84.3716
11 17 83.5735
11 18 82.8037
11 19 82.0629
11 20 81.3516
11 21 80.6701
11 22 80.0185
11 23 79.397
11 24 78.8056
11 25 78.244
11 26 77.712
11 27 77.2093
11 28 76.7354
11 29 76.2898
11 30 75.872
11 31 75.4813
11 32 75.117
11 33 74.7784
11 34 74.4649
11 35 74.1755
11 36 73.9097
11 37 73.6666
11 38 73.4455
11 39 73.2456
11 40 73.0664
11 41 72.9071
11 42 72.7671
11 43 72.6459
11 44 72.5429
11 45 72.4579
11 46 72.3902
11 47 72.3398
11 48 72.3063
11 49 72.2896
11 50 72.2896
11 51 72.3063
11 52 72.3398
11 53 72.3902
11 54 72.4579
11 55 72.5429
11 56 72.6459
11 57 72.7671
11 58 72.9071
11 59 73.0664
11 60 73.2456
11 61 73.4455
11 62 73.6666
11 63 73.9097
11 64 74.1755
11 65 74.4649
11 66 74.7784
11 67 75.117
11 68 75.4813
11 69 75.872
11 70 76.2898
11 71 76.7354
11 72 77.2093
11 73 77.712
11 74 78.244
11 75 78.8056
11 76 79.397
11 77 80.0185
11 78 80.6701
11 79 81.3516
11 80 82.0629
11 81 82.8037
11 82 83.5735
11 83 84.3716
11 84 85.1975
11 85 86.0501
11 86 86.9285
11 87 87.8315
11 88 88.7577
11 89 89.7059
11 90 90.6745
11 91 91.6617
11 92 92.6658
11 93 93.6849
11 94 94.7171
11 95 95.7603
11 96 96.8124
11 97 97.8712
11 98 98.9345
11 99 100
12 0 100
12 1 98.8467
12 2 97.6958
12 3 96.5497
12 4 95.411
12 5 94.2818
12 6 93.1646
12 7 92.0615
12 8 90.9746
12 9 89.9061
12 10 88.8578
12 11 87.8315
12 12 86.8288
12 13 85.8515
12 14 84.9007
12 15 83.9778
12 16 83.084
12 17 82.22
12 18 81.3868
12 19 80.585
12 20 79.8151
12 21 79.0774
12 22 78.3721
12 23 77.6995
12 24 77.0593
12 25 76.4514
12 26 75.8756
12 27 75.3314
12 28 74.8185
12 29 74.3362
12 30 73.884
12 31 73.4611
12 32 73.0668
12 33 72.7003
12 34 72.3609
12 35 72.0478
12 36 71.76
12 37 71.4969
12 38 71.2575
12 39 71.0412
12 40 70.8472
12 41 70.6748
12 42 70.5232
12 43 70.3921
12 44 70.2806
12 45 70.1885
12 46 70.1154
12 47 70.0608
12 48 70.0245
12 49 70.0064
12 50 70.0064
12 51 70.0245
12 52 70.0608
12 53 70.1154
12 54 70.1885
12 55 70.2806
12 56 70.3921
12 57 70.5232
12 58 70.6748
12 59 70.8472
12 60 71.0412
12 61 71.2575
12 62 71.4969
12 63 71.76
12 64 72.0478
12 65 72.3609
12 66 72.7003
12 67 73.0668
12 68 73.4611
12 69 73.884
12 70 74.3362
12 71 74.8185
12 72 75.3314
12 73 75.8756
12 74 76.4514
12 75 77.0593
12 76 77.6995
12 77 78.3721
12 78 79.0774
12 79 79.8151
12 80 80.585
12 81 81.3868
12 82 82.22
12 83 83.084
12 84 83.9778
12 85 84.9007
12 86 85.8515
12 87 86.8288
12 88 87.8315
12 89 88.8578
12 90 89.9061
12 91 90.9746
12 92 92.0615
12 93 93.1646
12 94 94.2818
12 95 95.411
12 96 96.5497
12 97 97.6958
12 98 98.8467
12 99 100
13 0 100
13 1 98.7611
13 2 97.5248
13 3 96.2937
13 4 95.0704
13 5 93.8575
13 6 92.6574
13 7 91.4724
13 8 90.3049
13 9 89.1571
13 10 88.0309
13 11 86.9285
13 12 85.8515
13 13 84.8015
13 14 83.7802
13 15 82.7889
13 16 81.8287
13 17 80.9006
13 18 80.0056
13 19 79.1443
13 20 78.3172
13 21 77.5248
13 22 76.7672
13 23 76.0446
13 24 75.3569
13 25 74.7039
13 26 74.0854
13 27 73.5009
13 28 72.9499
13 29 72.4318
13 30 71.946
13 31 71.4917
13 32 71.0681
13 33 70.6745
13 34 70.3099
13 35 69.9735
13 36 69.6644
13 37 69.3818
13 38 69.1247
13 39 68.8923
13 40 68.6839
13 41 68.4987
13 42 68.3359
13 43 68.195
13 44 68.0753
13 45 67.9764
13 46 67.8977
13 47 67.8391
13 48 67.8001
13 49 67.7807
13 50 67.7807
13 51 67.8001
13 52 67.8391
13 53 67.8977
13 54 67.9764
13 55 68.0753
13 56 68.195
13 57 68.3359
13 58 68.4987
13 59 68.6839
13 60 68.8923
13 61 69.1247
13 62 69.3818
13 63 69.6644
13 64 69.9735
13 65 70.3099
13 66 70.6745
13 67 71.0681
13 68 71.4917
13 69 71.946
13 70 72.4318
13 71 72.9499
13 72 73.5009
13 73 74.0854
13 74 74.7039
13 75 75.3569
13 76 76.0446
13 77 76.7672
13 78 77.5248
13 79 78.3172
13 80 79.1443
13 81 80.0056
13 82 80.9006
13 83 81.8287
13 84 82.7889
13 85 83.7802
13 86 84.8015
13 87 85.8515
13 88 86.9285
13 89 88.0309
13 90 89.1571
13 91 90.3049
13 92 91.4724
13 93 92.6574
13 94 93.8575
13 95 95.0704
13 96 96.2937
13 97 97.5248
13 98 98.7611
13 99 100
14 0 100
14 1 98.6778
14 2 97.3584
14 3 96.0446
14 4 94.7392
14 5 93.4447
14 6 92.164
14 7 90.8994
14 8 89.6534
14 9 88.4284
14 10 87.2266
14 11 86.0501
14 12 84.9007
14 13 83.7802
14 14 82.6903
14 15 81.6323
14 16 80.6076
14 17 79.6172
14 18 78.662
14 19 77.7428
14 20 76.8602
14 21 76.0145
14 22 75.206
14 23 74.4349
14 24 73.701
14 25 73.0041
14 26 72.344
14 27 71.7202
14 28 71.1322
14 29 70.5793
14 30 70.0608
14 31 69.576
14 32 69.124
14 33 68.7039
14 34 68.3148
14 35 67.9558
14 36 67.626
14 37 67.3243
14 38 67.0499
14 39 66.802
14 40 66.5795
14 41 66.3818
14 42 66.2081
14 43 66.0577
14 44 65.93
14 45 65.8244
14 46 65.7405
14 47 65.6779
14 48 65.6364
14 49 65.6156
14 50 65.6156
14 51 65.6364
14 52 65.6779
14 53 65.7405
14 54 65.8244
14 55 65.93
14 56 66.0577
14 57 66.2081
14 58 66.3818
14 59 66.5795
14 60 66.802
14 61 67.0499
14 62 67.3243
14 63 67.626
14 64 67.9558
14 65 68.3148
14 66 68.7039
14 67 69.124
14 68 69.576
14 69 70.0608
14 70 70.5793
14 71 71.1322
14 72 71.7202
14 73 72.344
14 74 73.0041
14 75 73.701
14 76 74.4349
14 77 75.206
14 78 76.0145
14 79 76.8602
14 80 77.7428
14 81 78.662
14 82 79.6172
14 83 80.6076
14 84 81.6323
14 85 82.6903
14 86 83.7802
14 87 84.9007
14 88 86.0501
14 89 87.2266
14 90 88.4284
14 91 89.6534
14 92 90.8994
14 93 92.164
14 94 93.4447
14 95 94.7392
14 96 96.0446
14 97 97.3584
14 98 98.6778
14 99 100
15 0 100
15 1 98.597
15 2 97.197
15 3 95.8029
15 4 94.4176
15 5 93.0441
15 6 91.685
15 7 90.3431
15 8 89.021
15 9 87.7212
15 10 86.4459
15 11 85.1975
15 12 83.9778
15 13 82.7889
15 14 81.6323
15 15 80.5097
15 16 79.4224
15 17 78.3714
15 18 77.3578
15 19 76.3825
15 20 75.4459
15 21 74.5485
15 22 73.6906
15 23 72.8723
15 24 72.0936
15 25 71.3541
15 26 70.6537
15 27 69.9917
15 28 69.3678
15 29 68.7811
15 30 68.2309
15 31 67.7165
15 32 67.2369
15 33 66.7911
15 34 66.3782
15 35 65.9973
15 36 65.6473
15 37 65.3272
15 38 65.036
15 39 64.7729
15 40 64.5369
15 41 64.3271
15 42 64.1428
15 43 63.9832
15 44 63.8477
15 45 63.7356
15 46 63.6466
15 47 63.5802
15 48 63.5361
15 49 63.5141
15 50 63.5141
15 51 63.5361
15 52 63.5802
15 53 63.6466
15 54 63.7356
15 55 63.8477
15 56 63.9832
15 57 64.1428
15 58 64.3271
15 59 64.5369
15 60 64.7729
15 61 65.036
15 62 65.3272
15 63 65.6473
15 64 65.9973
15 65 66.3782
15 66 66.7911
15 67 67.2369
15 68 67.7165
15 69 68.2309
15 70 68.7811
15 71 69.3678
15 72 69.9917
15 73 70.6537
15 74 71.3541
15 75 72.0936
15 76 72.8723
15 77 73.6906
15 78 74.5485
15 79 75.4459
15 80 76.3825
15 81 77.3578
15 82 78.3714
15 83 79.4224
15 84 80.5097
15 85 81.6323
15 86 82.7889
15 87 83.9778
15 88 85.1975
15 89 86.4459
15 90 87.7212
15 91 89.021
15 92 90.3431
15 93 91.685
15 94 93.0441
15 95 94.4176
15 96 95.8029
15 97 97.197
15 98 98.597
15 99 100
16 0 100
16 1 98.5187
16 2 97.0406
16 3 95.5687
16 4 94.1062
16 5 92.656
16 6 91.2211
16 7 89.8044
16 8 88.4085
16 9 87.0362
16 10 85.6898
16 11 84.3716
16 12 83.084
16 13 81.8287
16 14 80.6076
16 15 79.4224
16 16 78.2743
16 17 77.1647
16 18 76.0946
16 19 75.0648
16 20 74.076
16 21 73.1286
16 22 72.2228
16 23 71.3589
16 24 70.5367
16 25 69.756
16 26 69.0164
16 27 68.3176
16 28 67.6588
16 29 67.0394
16 30 66.4586
16 31 65.9154
16 32 65.409
16 33 64.9384
16 34 64.5025
16 35 64.1003
16 36 63.7307
16 37 63.3928
16 38 63.0854
16 39 62.8076
16 40 62.5584
16 41 62.3369
16 42 62.1423
16 43 61.9738
16 44 61.8307
16 45 61.7124
16 46 61.6185
16 47 61.5483
16 48 61.5018
16 49 61.4785
16 50 61.4785
16 51 61.5018
16 52 61.5483
16 53 61.6185
16 54 61.7124
16 55 61.8307
16 56 61.9738
16 57 62.1423
16 58 62.3369
16 59 62.5584
16 60 62.8076
16 61 63.0854
16 62 63.3928
16 63 63.7307
16 64 64.1003
16 65 64.5025
16 66 64.9384
16 67 65.409
16 68 65.9154
16 69 66.4586
16 70 67.0394
16 71 67.6588
16 72 68.3176
16 73 69.0164
16 74 69.756
16 75 70.5367
16 76 71.3589
16 77 72.2228
16 78 73.1286
16 79 74.076
16 80 75.0648
16 81 76.0946
16 82 77.1647
16 83 78.2743
16 84 79.4224
16 85 80.6076
16 86 81.8287
16 87 83.084
16 88 84.3716
16 89 85.6898
16 90 87.0362
16 91 88.4085
16 92 89.8044
16 93 91.2211
16 94 92.656
16 95 94.1062
16 96 95.5687
16 97 97.0406
16 98 98.5187
16 99 100
17 0 100
17 1 98.4431
17 2 96.8895
17 3 95.3424
17 4 93.8052
17 5 92.2809
17 6 90.7728
17 7 89.2837
17 8 87.8165
17 9 86.3741
17 10 84.9589
17 11 83.5735
17 12 82.22
17 13 80.9006
17 14 79.6172
17 15 78.3714
17 16 77.1647
17 17 75.9985
17 18 74.8737
17 19 73.7913
17 20 72.752
17 21 71.7562
17 22 70.8042
17 23 69.8961
17 24 69.0319
17 25 68.2113
17 26 67.434
17 27 66.6995
17 28 66.0071
17 29 65.356
17 30 64.7455
17 31 64.1746
17 32 63.6424
17 33 63.1477
17 34 62.6895
17 35 62.2668
17 36 61.8784
17 37 61.5232
17 38 61.2001
17 39 60.9081
17 40 60.6462
17 41 60.4134
17 42 60.2088
17 43 60.0317
17 44 59.8813
17 45 59.757
17 46 59.6582
17 47 59.5845
17 48 59.5356
17 49 59.5111
17 50 59.5111
17 51 59.5356
17 52 59.5845
17 53 59.6582
17 54 59.757
17 55 59.8813
17 56 60.0317
17 57 60.2088
17 58 60.4134
17 59 60.6462
17 60 60.9081
17 61 61.2001
17 62 61.5232
17 63 61.8784
17 64 62.2668
17 65 62.6895
17 66 63.1477
17 67 63.6424
17 68 64.1746
17 69 64.7455
17 70 65.356
17 71 66.0071
17 72 66.6995
17 73 67.434
17 74 68.2113
17 75 69.0319
17 76 69.8961
17 77 70.8042
17 78 71.7562
17 79 72.752
17 80 73.7913
17 81 74.8737
17 82 75.9985
17 83 77.1647
17 84 78.3714
17 85 79.6172
17 86 80.9006
17 87 82.22
17 88 83.5735
17 89 84.9589
17 90 86.3741
17 91 87.8165
17 92 89.2837
17 93 90.7728
17 94 92.2809
17 95 93.8052
17 96 95.3424
17 97 96.8895
17 98 98.4431
17 99 100
18 0 100
18 1 98.3701
18 2 96.7437
18 3 95.1242
18 4 93.5149
18 5 91.9192
18 6 90.3404
18 7 88.7815
18 8 87.2456
18 9 85.7355
18 10 84.254
18 11 82.8037
18 12 81.3868
18 13 80.0056
18 14 78.662
18 15 77.3578
18 16 76.0946
18 17 74.8737
18 18 73.6963
18 19 72.5632
18 20 71.4751
18 21 70.4326
18 22 69.436
18 23 68.4854
18 24 67.5807
18 25 66.7217
18 26 65.9079
18 27 65.139
18 28 64.4141
18 29 63.7325
18 30 63.0934
18 31 62.4958
18 32 61.9386
18 33 61.4207
18 34 60.9411
18 35 60.4986
18 36 60.0919
18 37 59.7201
18 38 59.3818
18 39 59.0762
18 40 58.802
18 41 58.5583
18 42 58.3442
18 43 58.1588
18 44 58.0013
18 45 57.8712
18 46 57.7677
18 47 57.6906
18 48 57.6393
18 49 57.6138
18 50 57.6138
18 51 57.6393
18 52 57.6906
18 53 57.7677
18 54 57.8712
18 55 58.0013
18 56 58.1588
18 57 58.3442
18 58 58.5583
18 59 58.802
18 60 59.0762
18 61 59.3818
18 62 59.7201
18 63 60.0919
18 64 60.4986
18 65 60.9411
18 66 61.4207
18 67 61.9386
18 68 62.4958
18 69 63.0934
18 70 63.7325
18 71 64.4141
18 72 65.139
18 73 65.9079
18 74 66.7217
18 75 67.5807
18 76 68.4854
18 77 69.436
18 78 70.4326
18 79 71.4751
18 80 72.5632
18 81 73.6963
18 82 74.8737
18 83 76.0946
18 84 77.3578
18 85 78.662
18 86 80.0056
18 87 81.3868
18 88 82.8037
18 89 84.254
18 90 85.7355
18 91 87.2456
18 92 88.7815
18 93 90.3404
18 94 91.9192
18 95 93.5149
18 96 95.1242
18 97 96.7437
18 98 98.3701
18 99 100
19 0 100
19 1 98.2999
19 2 96.6034
19 3 94.9141
19 4 93.2355
19 5 91.5711
19 6 89.9242
19 7 88.2982
19 8 86.6961
19 9 85.121
19 10 83.5757
19 11 82.0629
19 12 80.585
19 13 79.1443
19 14 77.7428
19 15 76.3825
19 16 75.0648
19 17 73.7913
19 18 72.5632
19 19 71.3812
19 20 70.2463
19 21 69.1589
19 22 68.1194
19 23 67.1278
19 24 66.1841
19 25 65.2881
19 26 64.4393
19 27 63.6372
19 28 62.8811
19 29 62.1702
19 30 61.5036
19 31 60.8802
19 32 60.299
19 33 59.7588
19 34 59.2585
19 35 58.7969
19 36 58.3728
19 37 57.9849
19 38 57.6321
19 39 57.3133
19 40 57.0273
19 41 56.7731
19 42 56.5497
19 43 56.3563
19 44 56.1921
19 45 56.0563
19 46 55.9485
19 47 55.868
19 48 55.8145
19 49 55.7879
19 50 55.7879
19 51 55.8145
19 52 55.868
19 53 55.9485
19 54 56.0563
19 55 56.1921
19 56 56.3563
19 57 56.5497
19 58 56.7731
19 59 57.0273
19 60 57.3133
19 61 57.6321
19 62 57.9849
19 63 58.3728
19 64 58.7969
19 65 59.2585
19 66 59.7588
19 67 60.299
19 68 60.8802
19 69 61.5036
19 70 62.1702
19 71 62.8811
19 72 63.6372
19 73 64.4393
19 74 65.2881
19 75 66.1841
19 76 67.1278
19 77 68.1194
19 78 69.1589
19 79 70.2463
19 80 71.3812
19 81 72.5632
19 82 73.7913
19 83 75.0648
19 84 76.3825
19 85 77.7428
19 86 79.1443
19 87 80.585
19 88 82.0629
19 89 83.5757
19 90 85.121
19 91 86.6961
19 92 88.2982
19 93 89.9242
19 94 91.5711
19 95 93.2355
19 96 94.9141
19 97 96.6034
19 98 98.2999
19 99 100
20 0 100
20 1 98.2325
20 2 96.4687
20 3 94.7124
20 4 92.9673
20 5 91.2368
20 6 89.5247
20 7 87.8342
20 8 86.1686
20 9 84.531
20 10 82.9244
20 11 81.3516
20 12 79.8151
20 13 78.3172
20 14 76.8602
20 15 75.4459
20 16 74.076
20 17 72.752
20 18 71.4751
20 19 70.2463
20 20 69.0664
20 21 67.9359
20 22 66.8551
20 23 65.8242
20 24 64.8431
20 25 63.9115
20 26 63.0291
20 27 62.1952
20 28 61.4091
20 29 60.67
20 30 59.9769
20 31 59.3288
20 32 58.7246
20 33 58.163
20 34 57.6429
20 35 57.163
20 36 56.722
20 37 56.3187
20 38 55.9519
20 39 55.6205
20 40 55.3231
20 41 55.0588
20 42 54.8266
20 43 54.6256
20 44 54.4548
20 45 54.3137
20 46 54.2015
20 47 54.1179
20 48 54.0623
20 49 54.0346
20 50 54.0346
20 51 54.0623
20 52 54.1179
20 53 54.2015
20 54 54.3137
20 55 54.4548
20 56 54.6256
20 57 54.8266
20 58 55.0588
20 59 55.3231
20 60 55.6205
20 61 55.9519
20 62 56.3187
20 63 56.722
20 64 57.163
20 65 57.6429
20 66 58.163
20 67 58.7246
20 68 59.3288
20 69 59.9769
20 70 60.67
20 71 61.4091
20 72 62.1952
20 73 63.0291
20 74 63.9115
20 75 64.8431
20 76 65.8242
20 77 66.8551
20 78 67.9359
20 79 69.0664
20 80 70.2463
20 81 71.4751
20 82 72.752
20 83 74.076
20 84 75.4459
20 85 76.8602
20 86 78.3172
20 87 79.8151
20 88 81.3516
20 89 82.9244
20 90 84.531
20 91 86.1686
20 92 87.8342
20 93 89.5247
20 94 91.2368
20 95 92.9673
20 96 94.7124
20 97 96.4687
20 98 98.2325
20 99 100
21 0 100
21 1 98.1679
21 2 96.3397
21 3 94.5192
21 4 92.7102
21 5 90.9166
21 6 89.1418
21 7 87.3895
21 8 85.6631
21 9 83.9657
21 10 82.3004
21 11 80.6701
21 12 79.0774
21 13 77.5248
21 14 76.0145
21 15 74.5485
21 16 73.1286
21 17 71.7562
21 18 70.4326
21 19 69.1589
21 20 67.9359
21 21 66.7641
21 22 65.6438
21 23 64.5752
21 24 63.5583
21 25 62.5926
21 26 61.678
21 27 60.8136
21 28 59.9988
21 29 59.2327
21 30 58.5142
21 31 57.8424
21 32 57.2161
21 33 56.634
21 34 56.0949
21 35 55.5974
21 36 55.1403
21 37 54.7223
21 38 54.3421
21 39 53.9985
21 40 53.6903
21 41 53.4164
21 42 53.1757
21 43 52.9673
21 44 52.7903
21 45 52.644
21 46 52.5278
21 47 52.441
21 48 52.3834
21 49 52.3547
21 50 52.3547
21 51 52.3834
21 52 52.441
21 53 52.5278
21 54 52.644
21 55 52.7903
21 56 52.9673
21 57 53.1757
21 58 53.4164
21 59 53.6903
21 60 53.9985
21 61 54.3421
21 62 54.7223
21 63 55.1403
21 64 55.5974
21 65 56.0949
21 66 56.634
21 67 57.2161
21 68 57.8424
21 69 58.5142
21 70 59.2327
21 71 59.9988
21 72 60.8136
21 73 61.678
21 74 62.5926
21 75 63.5583
21 76 64.5752
21 77 65.6438
21 78 66.7641
21 79 67.9359
21 80 69.1589
21 81 70.4326
21 82 71.7562
21 83 73.1286
21 84 74.5485
21 85 76.0145
21 86 77.5248
21 87 79.0774
21 88 80.6701
21 89 82.3004
21 90 83.9657
21 91 85.6631
21 92 87.3895
21 93 89.1418
21 94 90.9166
21 95 92.7102
21 96 94.5192
21 97 96.3397
21 98 98.1679
21 99 100
22 0 100
22 1 98.1061
22 2 96.2163
22 3 94.3344
22 4 92.4645
22 5 90.6104
22 6 88.7758
22 7 86.9645
22 8 85.1798
22 9 83.4252
22 10 81.7038
22 11 80.0185
22 12 78.3721
22 13 76.7672
22 14 75.206
22 15 73.6906
22 16 72.2228
22 17 70.8042
22 18 69.436
22 19 68.1194
22 20 66.8551
22 21 65.6438
22 22 64.4858
22 23 63.3812
22 24 62.3299
22 25 61.3318
22 26 60.3863
22 27 59.4927
22 28 58.6505
22 29 57.8585
22 30 57.1159
22 31 56.4215
22 32 55.774
22 33 55.1723
22 34 54.615
22 35 54.1008
22 36 53.6283
22 37 53.1962
22 38 52.8032
22 39 52.448
22 40 52.1294
22 41 51.8462
22 42 51.5974
22 43 51.382
22 44 51.1991
22 45 51.0478
22 46 50.9277
22 47 50.838
22 48 50.7784
22 49 50.7487
22 50 50.7487
22 51 50.7784
22 52 50.838
22 53 50.9277
22 54 51.0478
22 55 51.1991
22 56 51.382
22 57 51.5974
22 58 51.8462
22 59 52.1294
22 60 52.448
22 61 52.8032
22 62 53.1962
22 63 53.6283
22 64 54.1008
22 65 54.615
22 66 55.1723
22 67 55.774
22 68 56.4215
22 69 57.1159
22 70 57.8585
22 71 58.6505
22 72 59.4927
22 73 60.3863
22 74 61.3318
22 75 62.3299
22 76 63.3812
22 77 64.4858
22 78 65.6438
22 79 66.8551
22 80 68.1194
22 81 69.436
22 82 70.8042
22 83 72.2228
22 84 73.6906
22 85 75.206
22 86 76.7672
22 87 78.3721
22 88 80.0185
22 89 81.7038
22 90 83.4252
22 91 85.1798
22 92 86.9645
22 93 88.7758
22 94 90.6104
22 95 92.4645
22 96 94.3344
22 97 96.2163
22 98 98.1061
22 99 100
23 0 100
23 1 98.0472
23 2 96.0986
23 3 94.1582
23 4 92.2301
23 5 90.3184
23 6 88.4267
23 7 86.559
23 8 84.7189
23 9 82.9097
23 10 81.1347
23 11 79.397
23 12 77.6995
23 13 76.0446
23 14 74.4349
23 15 72.8723
23 16 71.3589
23 17 69.8961
23 18 68.4854
23 19 67.1278
23 20 65.8242
23 21 64.5752
23 22 63.3812
23 23 62.2422
23 24 61.1583
23 25 60.1291
23 26 59.1541
23 27 58.2328
23 28 57.3644
23 29 56.5478
23 30 55.7821
23 31 55.066
23 32 54.3985
23 33 53.778
23 34 53.2034
23 35 52.6732
23 36 52.186
23 37 51.7405
23 38 51.3352
23 39 50.969
23 40 50.6405
23 41 50.3485
23 42 50.092
23 43 49.8698
23 44 49.6812
23 45 49.5253
23 46 49.4014
23 47 49.3089
23 48 49.2475
23 49 49.2169
23 50 49.2169
23 51 49.2475
23 52 49.3089
23 53 49.4014
23 54 49.5253
23 55 49.6812
23 56 49.8698
23 57 50.092
23 58 50.3485
23 59 50.6405
23 60 50.969
23 61 51.3352
23 62 51.7405
23 63 52.186
23 64 52.6732
23 65 53.2034
23 66 53.778
23 67 54.3985
23 68 55.066
23 69 55.7821
23 70 56.5478
23 71 57.3644
23 72 58.2328
23 73 59.1541
23 74 60.1291
23 75 61.1583
23 76 62.2422
23 77 63.3812
23 78 64.5752
23 79 65.8242
23 80 67.1278
23 81 68.4854
23 82 69.8961
23 83 71.3589
23 84 72.8723
23 85 74.4349
23 86 76.0446
23 87 77.6995
23 88 79.397
23 89 81.1347
23 90 82.9097
23 91 84.7189
23 92 86.559
23 93 88.4267
23 94 90.3184
23 95 92.2301
23 96 94.1582
23 97 96.0986
23 98 98.0472
23 99 100
24 0 100
24 1 97.9912
24 2 95.9866
24 3 93.9905
24 4 92.0071
24 5 90.0404
24 6 88.0945
24 7 86.1732
24 8 84.2802
24 9 82.419
24 10 80.5931
24 11 78.8056
24 12 77.0593
24 13 75.3569
24 14 73.701
24 15 72.0936
24 16 70.5367
24 17 69.0319
24 18 67.5807
24 19 66.1841
24 20 64.8431
24 21 63.5583
24 22 62.3299
24 23 61.1583
24 24 60.0432
24 25 58.9845
24 26 57.9816
24 27 57.0338
24 28 56.1404
24 29 55.3004
24 30 54.5127
24 31 53.7761
24 32 53.0894
24 33 52.4511
24 34 51.86
24 35 51.3145
24 36 50.8134
24 37 50.355
24 38 49.9382
24 39 49.5614
24 40 49.2235
24 41 48.9231
24 42 48.6592
24 43 48.4307
24 44 48.2367
24 45 48.0763
24 46 47.9488
24 47 47.8537
24 48 47.7905
24 49 47.759
24 50 47.759
24 51 47.7905
24 52 47.8537
24 53 47.9488
24 54 48.0763
24 55 48.2367
24 56 48.4307
24 57 48.6592
24 58 48.9231
24 59 49.2235
24 60 49.5614
24 61 49.9382
24 62 50.355
24 63 50.8134
24 64 51.3145
24 65 51.86
24 66 52.4511
24 67 53.0894
24 68 53.7761
24 69 54.5127
24 70 55.3004
24 71 56.1404
24 72 57.0338
24 73 57.9816
24 74 58.9845
24 75 60.0432
24 76 61.1583
24 77 62.3299
24 78 63.5583
24 79 64.8431
24 80 66.1841
24 81 67.5807
24 82 69.0319
24 83 70.5367
24 84 72.0936
24 85 73.701
24 86 75.3569
24 87 77.0593
24 88 78.8056
24 89 80.5931
24 90 82.419
24 91 84.2802
24 92 86.1732
24 93 88.0945
24 94 90.0404
24 95 92.0071
24 96 93.9905
24 97 95.9866
24 98 97.9912
24 99 100
25 0 100
25 1 97.9379
25 2 95.8803
25 3 93.8313
25 4 91.7953
25 5 89.7765
25 6 87.779
25 7 85.8068
25 8 83.8636
25 9 81.9532
25 10 80.0789
25 11 78.244
25 12 76.4514
25 13 74.7039
25 14 73.0041
25 15 71.3541
25 16 69.756
25 17 68.2113
25 18 66.7217
25 19 65.2881
25 20 63.9115
25 21 62.5926
25 22 61.3318
25 23 60.1291
25 24 58.9845
25 25 57.8977
25 26 56.8682
25 27 55.8953
25 28 54.9783
25 29 54.116
25 30 53.3074
25 31 52.5513
25 32 51.8463
25 33 51.1912
25 34 50.5844
25 35 50.0245
25 36 49.51
25 37 49.0396
25 38 48.6117
25 39 48.225
25 40 47.8781
25 41 47.5698
25 42 47.2989
25 43 47.0643
25 44 46.8651
25 45 46.7004
25 46 46.5696
25 47 46.472
25 48 46.4071
25 49 46.3748
25 50 46.3748
25 51 46.4071
25 52 46.472
25 53 46.5696
25 54 46.7004
25 55 46.8651
25 56 47.0643
25 57 47.2989
25 58 47.5698
25 59 47.8781
25 60 48.225
25 61 48.6117
25 62 49.0396
25 63 49.51
25 64 50.0245
25 65 50.5844
25 66 51.1912
25 67 51.8463
25 68 52.5513
25 69 53.3074
25 70 54.116
25 71 54.9783
25 72 55.8953
25 73 56.8682
25 74 57.8977
25 75 58.9845
25 76 60.1291
25 77 61.3318
25 78 62.5926
25 79 63.9115
25 80 65.2881
25 81 66.7217
25 82 68.2113
25 83 69.756
25 84 71.3541
25 85 73.0041
25 86 74.7039
25 87 76.4514
25 88 78.244
25 89 80.0789
25 90 81.9532
25 91 83.8636
25 92 85.8068
25 93 87.779
25 94 89.7765
25 95 91.7953
25 96 93.8313
25 97 95.8803
25 98 97.9379
25 99 100
26 0 100
26 1 97.8875
26 2 95.7795
26 3 93.6804
26 4 91.5947
26 5 89.5265
26 6 87.4802
26 7 85.4597
26 8 83.4691
26 9 81.5119
26 10 79.5918
26 11 77.712
26 12 75.8756
26 13 74.0854
26 14 72.344
26 15 70.6537
26 16 69.0164
26 17 67.434
26 18 65.9079
26 19 64.4393
26 20 63.0291
26 21 61.678
26 22 60.3863
26 23 59.1541
26 24 57.9816
26 25 56.8682
26 26 55.8135
26 27 54.8169
26 28 53.8774
26 29 52.994
26 30 52.1657
26 31 51.3911
26 32 50.6689
26 33 49.9977
26 34 49.3761
26 35 48.8025
26 36 48.2755
26 37 47.7935
26 38 47.3551
26 39 46.9589
26 40 46.6036
26 41 46.2877
26 42 46.0102
26 43 45.7699
26 44 45.5658
26 45 45.3972
26 46 45.2631
26 47 45.1631
26 48 45.0967
26 49 45.0636
26 50 45.0636
26 51 45.0967
26 52 45.1631
26 53 45.2631
26 54 45.3972
26 55 45.5658
26 56 45.7699
26 57 46.0102
26 58 46.2877
26 59 46.6036
26 60 46.9589
26 61 47.3551
26 62 47.7935
26 63 48.2755
26 64 48.8025
26 65 49.3761
26 66 49.9977
26 67 50.6689
26 68 51.3911
26 69 52.1657
26 70 52.994
26 71 53.8774
26 72 54.8169
26 73 55.8135
26 74 56.8682
26 75 57.9816
26 76 59.1541
26 77 60.3863
26 78 61.678
26 79 63.0291
26 80 64.4393
26 81 65.9079
26 82 67.434
26 83 69.0164
26 84 70.6537
26 85 72.344
26 86 74.0854
26 87 75.8756
26 88 77.712
26 89 79.5918
26 90 81.5119
26 91 83.4691
26 92 85.4597
26 93 87.4802
26 94 89.5265
26 95 91.5947
26 96 93.6804
26 97 95.7795
26 98 97.8875
26 99 100
27 0 100
27 1 97.8399
27 2 95.6843
27 3 93.5379
27 4 91.4051
27 5 89.2903
27 6 87.1978
27 7 85.1318
27 8 83.0962
27 9 81.0949
27 10 79.1315
27 11 77.2093
27 12 75.3314
27 13 73.5009
27 14 71.7202
27 15 69.9917
27 16 68.3176
27 17 66.6995
27 18 65.139
27 19 63.6372
27 20 62.1952
27 21 60.8136
27 22 59.4927
27 23 58.2328
27 24 57.0338
27 25 55.8953
27 26 54.8169
27 27 53.7977
27 28 52.8371
27 29 51.9338
27 30 51.0867
27 31 50.2947
27 32 49.5562
27 33 48.8699
27 34 48.2342
27 35 47.6477
27 36 47.1088
27 37 46.616
27 38 46.1677
27 39 45.7626
27 40 45.3992
27 41 45.0762
27 42 44.7924
27 43 44.5467
27 44 44.3381
27 45 44.1656
27 46 44.0285
27 47 43.9262
27 48 43.8583
27 49 43.8244
27 50 43.8244
27 51 43.8583
27 52 43.9262
27 53 44.0285
27 54 44.1656
27 55 44.3381
27 56 44.5467
27 57 44.7924
27 58 45.0762
27 59 45.3992
27 60 45.7626
27 61 46.1677
27 62 46.616
27 63 47.1088
27 64 47.6477
27 65 48.2342
27 66 48.8699
27 67 49.5562
27 68 50.2947
27 69 51.0867
27 70 51.9338
27 71 52.8371
27 72 53.7977
27 73 54.8169
27 74 55.8953
27 75 57.0338
27 76 58.2328
27 77 59.4927
27 78 60.8136
27 79 62.1952
27 80 63.6372
27 81 65.139
27 82 66.6995
27 83 68.3176
27 84 69.9917
27 85 71.7202
27 86 73.5009
27 87 75.3314
27 88 77.2093
27 89 79.1315
27 90 81.0949
27 91 83.0962
27 92 85.1318
27 93 87.1978
27 94 89.2903
27 95 91.4051
27 96 93.5379
27 97 95.6843
27 98 97.8399
27 99 100
28 0 100
28 1 97.795
28 2 95.5946
28 3 93.4035
28 4 91.2264
28 5 89.0676
28 6 86.9316
28 7 84.8226
28 8 82.7447
28 9 80.7018
28 10 78.6975
28 11 76.7354
28 12 74.8185
28 13 72.9499
28 14 71.1322
28 15 69.3678
28 16 67.6588
28 17 66.0071
28 18 64.4141
28 19 62.8811
28 20 61.4091
28 21 59.9988
28 22 58.6505
28 23 57.3644
28 24 56.1404
28 25 54.9783
28 26 53.8774
28 27 52.8371
28 28 51.8564
28 29 50.9343
28 30 50.0697
28 31 49.2611
28 32 48.5073
28 33 47.8067
28 34 47.1579
28 35 46.5591
28 36 46.009
28 37 45.5059
28 38 45.0484
28 39 44.6348
28 40 44.2639
28 41 43.9342
28 42 43.6445
28 43 43.3937
28 44 43.1807
28 45 43.0046
28 46 42.8647
28 47 42.7603
28 48 42.691
28 49 42.6564
28 50 42.6564
28 51 42.691
28 52 42.7603
28 53 42.8647
28 54 43.0046
28 55 43.1807
28 56 43.3937
28 57 43.6445
28 58 43.9342
28 59 44.2639
28 60 44.6348
28 61 45.0484
28 62 45.5059
28 63 46.009
28 64 46.5591
28 65 47.1579
28 66 47.8067
28 67 48.5073
28 68 49.2611
28 69 50.0697
28 70 50.9343
28 71 51.8564
28 72 52.8371
28 73 53.8774
28 74 54.9783
28 75 56.1404
28 76 57.3644
28 77 58.6505
28 78 59.9988
28 79 61.4091
28 80 62.8811
28 81 64.4141
28 82 66.0071
28 83 67.6588
28 84 69.3678
28 85 71.1322
28 86 72.9499
28 87 74.8185
28 88 76.7354
28 89 78.6975
28 90 80.7018
28 91 82.7447
28 92 84.8226
28 93 86.9316
28 94 89.0676
28 95 91.2264
28 96 93.4035
28 97 95.5946
28 98 97.795
28 99 100
29 0 100
29 1 97.7527
29 2 95.5102
29 3 93.2772
29 4 91.0583
29 5 88.8582
29 6 86.6813
29 7 84.5319
29 8 82.4143
29 9 80.3322
29 10 78.2895
29 11 76.2898
29 12 74.3362
29 13 72.4318
29 14 70.5793
29 15 68.7811
29 16 67.0394
29 17 65.356
29 18 63.7325
29 19 62.1702
29 20 60.67
29 21 59.2327
29 22 57.8585
29 23 56.5478
29 24 55.3004
29 25 54.116
29 26 52.994
29 27 51.9338
29 28 50.9343
29 29 49.9946
29 30 49.1134
29 31 48.2894
29 32 47.5211
29 33 46.8071
29 34 46.1458
29 35 45.5356
29 36 44.975
29 37 44.4623
29 38 43.9959
29 39 43.5744
29 40 43.1964
29 41 42.8604
29 42 42.5652
29 43 42.3095
29 44 42.0925
29 45 41.913
29 46 41.7704
29 47 41.664
29 48 41.5934
29 49 41.5581
29 50 41.5581
29 51 41.5934
29 52 41.664
29 53 41.7704
29 54 41.913
29 55 42.0925
29 56 42.3095
29 57 42.5652
29 58 42.8604
29 59 43.1964
29 60 43.5744
29 61 43.9959
29 62 44.4623
29 63 44.975
29 64 45.5356
29 65 46.1458
29 66 46.8071
29 67 47.5211
29 68 48.2894
29 69 49.1134
29 70 49.9946
29 71 50.9343
29 72 51.9338
29 73 52.994
29 74 54.116
29 75 55.3004
29 76 56.5478
29 77 57.8585
29 78 59.2327
29 79 60.67
29 80 62.1702
29 81 63.7325
29 82 65.356
29 83 67.0394
29 84 68.7811
29 85 70.5793
29 86 72.4318
29 87 74.3362
29 88 76.2898
29 89 78.2895
29 90 80.3322
29 91 82.4143
29 92 84.5319
29 93 86.6813
29 94 88.8582
29 95 91.0583
29 96 93.2772
29 97 95.5102
29 98 97.7527
29 99 100
30 0 100
30 1 97.7131
30 2 95.4311
30 3 93.1587
30 4 90.9008
30 5 88.6619
30 6 86.4466
30 7 84.2594
30 8 82.1044
30 9 79.9856
30 10 77.907
30 11 75.872
30 12 73.884
30 13 71.946
30 14 70.0608
30 15 68.2309
30 16 66.4586
